tests/data/reten.asc
NCOLS 19 
NROWS 76 
XLLCORNER -769418.897129174 
YLLCORNER -1024709.63188541 
CELLSIZE 0.0994014568430813 
NODATA_value -9999 
0.000000000000000 -0.002166748046875 0 0 0 -0.00189208984375 0 0 0 0 0 0 0 0 0 -0.007110595703125 -0.0001220703125 0 0
-0.000640869140625 -0.00457763671875 -0.00628662109375 0 -0.008697509765625 -0.00885009765625 -0.015533447265625 -0.00982666015625 -0.0084228515625 -0.008331298828125 -0.0081787109375 -0.016265869140625 -0.01104736328125 -0.014923095703125 -0.0079345703125 -0.014068603515625 -0.007476806640625 -0.006683349609375 -0.009796142578125
-0.003326416015625 -0.008270263671875 -0.00360107421875 -0.00482177734375 -0.010406494140625 -0.002716064453125 -0.017425537109375 -0.009613037109375 -0.007904052734375 -0.014862060546875 0 -0.013580322265625 -0.005645751953125 -0.003143310546875 -0.00042724609375 -0.004974365234375 -0.000762939453125 -0.000762939453125 -0.005279541015625
0 0 -0.000762939453125 0 0 -0.002197265625 -0.004180908203125 -0.01043701171875 -0.0072021484375 0 -0.0054931640625 -0.00201416015625 -0.0006103515625 0 -0.007232666015625 -0.00140380859375 -0.001190185546875 0 0
-0.0028076171875 -0.0040283203125 -0.009674072265625 -0.002410888671875 -0.013427734375 -0.000274658203125 -0.00653076171875 -0.003143310546875 0 -0.01202392578125 -0.00396728515625 -0.0064697265625 -0.0067138671875 -0.00396728515625 -0.005950927734375 -0.00604248046875 -0.010589599609375 -0.00421142578125 0
-0.007904052734375 -0.011199951171875 -0.01116943359375 -0.0030517578125 -0.006866455078125 -0.004119873046875 -0.008575439453125 -0.007293701171875 -0.00408935546875 -0.011749267578125 0 0 -0.005035400390625 -0.003936767578125 -0.004241943359375 -0.000823974609375 -3.0517578125e-05 -0.005615234375 0
-0.0018310546875 0 -0.000152587890625 -0.001251220703125 -0.003692626953125 -0.0013427734375 0 -0.000213623046875 -0.00408935546875 -0.003204345703125 -0.002197265625 0 0 -0.0010986328125 -0.0010986328125 -0.0035400390625 -0.001190185546875 0 0
0 0 0 0 -0.00030517578125 -0.00909423828125 0 0 -6.103515625e-05 0 0 0 -0.0003662109375 0 0 0 0 0 0
-0.006927490234375 -0.00360107421875 -0.002197265625 -0.002716064453125 -0.00701904296875 -0.007232666015625 -0.00164794921875 -0.0072021484375 -0.00189208984375 -0.009246826171875 -0.01116943359375 -0.00933837890625 0 0 -0.00128173828125 -0.001708984375 -0.002716064453125 -0.000732421875 -0.000396728515625
-0.00323486328125 -0.00518798828125 -0.0040283203125 0 -0.0184326171875 -0.020263671875 -0.0013427734375 -0.005401611328125 -0.003509521484375 -0.0111083984375 -0.000213623046875 -0.000579833984375 0 -0.004913330078125 -0.001953125 0 -0.002105712890625 -0.0013427734375 0
-0.003631591796875 -0.008331298828125 -0.00665283203125 -0.003814697265625 -0.021820068359375 -0.021820068359375 -0.0003662109375 -0.00177001953125 -0.00421142578125 0 0 0 -0.004241943359375 -0.0042724609375 0 0 0 -0.002716064453125 0
-0.001007080078125 -0.00048828125 -0.001373291015625 -0.00762939453125 -0.006622314453125 -0.004241943359375 -0.002716064453125 -0.003448486328125 -0.0098876953125 -0.005157470703125 -0.00030517578125 0 0 -0.00286865234375 -0.005218505859375 -0.00518798828125 -0.006439208984375 -0.00079345703125 0
-0.0006103515625 -0.000823974609375 0 -0.008514404296875 -0.00897216796875 0 0 0 0 0 0 0 0 0 -0.00048828125 0 -0.0025634765625 -0.000732421875 -0.000457763671875
-6.103515625e-05 -0.004913330078125 0 0 -0.0008544921875 -0.001251220703125 0 0 0 0 -0.00018310546875 -0.002685546875 -0.000152587890625 0 0 -0.00244140625 -0.009552001953125 -0.004669189453125 0
-0.0008544921875 -0.00714111328125 -0.00152587890625 -0.004638671875 -0.00390625 -0.008331298828125 -0.00439453125 -0.002960205078125 -0.0089111328125 -0.009521484375 -0.000152587890625 -0.0068359375 -0.007843017578125 -0.00115966796875 0 -0.000701904296875 -0.006378173828125 -0.0010986328125 -0.002349853515625
-0.003692626953125 -0.006683349609375 -0.0018310546875 -0.005035400390625 0 0 -0.0003662109375 -0.0013427734375 -0.005523681640625 0 -0.000640869140625 -0.002288818359375 0 -0.00048828125 -0.006500244140625 -0.0015869140625 -0.00140380859375 -0.001983642578125 0
-0.000823974609375 0 0 0 -0.001129150390625 0 -0.001068115234375 0 0 0 0 0 0 0 0 0 0 0 -0.000518798828125
-0.001312255859375 -0.002685546875 -0.006439208984375 -0.005584716796875 -0.00262451171875 -0.00347900390625 -0.006988525390625 -0.0040283203125 -0.006378173828125 -0.000823974609375 -0.0047607421875 -0.002288818359375 0 -0.002593994140625 0 -0.001312255859375 -0.004119873046875 0 0
-0.004058837890625 -0.010772705078125 -0.008514404296875 -0.011383056640625 -0.010009765625 -0.00665283203125 -0.004241943359375 -0.00823974609375 -0.00830078125 -9.1552734375e-05 -0.00103759765625 -0.0030517578125 -0.00054931640625 -0.000823974609375 0 -0.003570556640625 -0.01007080078125 -0.011322021484375 0
0 0 -0.001312255859375 -0.00274658203125 -0.0037841796875 -0.00335693359375 -0.000518798828125 -0.00408935546875 0 0 -0.004638671875 0 -0.006195068359375 -0.00323486328125 -0.001220703125 -0.00201416015625 -0.000396728515625 -0.002197265625 0
0 -0.000274658203125 -0.000396728515625 -0.001861572265625 -0.001617431640625 0 -0.00042724609375 0 -0.000885009765625 0 -0.000152587890625 -0.000213623046875 -0.007354736328125 -0.0059814453125 0 -0.000701904296875 0 0 0
0 -0.004150390625 -0.00341796875 -0.00054931640625 0 -0.001617431640625 0 -0.00189208984375 -0.001251220703125 -0.0009765625 0 -0.000762939453125 -0.002655029296875 -0.0018310546875 0 0 0 -0.0074462890625 0
-0.003692626953125 -0.0155029296875 -0.014007568359375 -0.0123291015625 -0.008209228515625 -0.012542724609375 -0.002960205078125 -0.0089111328125 -0.002655029296875 -0.00299072265625 -0.003936767578125 -0.0009765625 -0.0018310546875 -0.005767822265625 0 -0.00262451171875 -0.0009765625 -0.004241943359375 0
0 -0.002288818359375 -0.005523681640625 -0.011505126953125 -0.0076904296875 -0.003570556640625 -0.00372314453125 -0.001220703125 0 -0.00189208984375 -0.000640869140625 0 0 0 0 -0.001373291015625 0 0 0
-0.0003662109375 0 -0.00103759765625 0 0 0 -0.00042724609375 0 -0.001861572265625 0 -0.001220703125 0 0 -0.00030517578125 0 -0.00177001953125 -0.00250244140625 0 0
-0.00457763671875 -0.00042724609375 0 0 0 0 0 0 -0.0008544921875 0 0 0 -0.00372314453125 -0.0076904296875 -0.004180908203125 -0.004974365234375 0 -0.00457763671875 0
-0.00103759765625 -0.004241943359375 -0.007965087890625 -0.007293701171875 -0.004791259765625 0 -0.000701904296875 -0.012939453125 -0.01104736328125 -0.00604248046875 -0.005126953125 -0.003082275390625 -0.010284423828125 -0.012786865234375 -0.015777587890625 -0.011444091796875 -0.0047607421875 -0.009674072265625 -0.0040283203125
-0.004425048828125 -0.0010986328125 -0.00628662109375 -0.001007080078125 0 0 0 -0.01055908203125 -0.0067138671875 -0.00103759765625 -0.001800537109375 0 0 0 0 0 -0.001373291015625 -0.003021240234375 -0.00042724609375
0 -0.0042724609375 -0.00048828125 0 0 -0.00030517578125 0 0 0 0 0 0 0 -0.003173828125 -0.0047607421875 0 0 0 0
-0.003173828125 -0.005523681640625 -0.010986328125 -0.0123291015625 -0.01043701171875 -0.004425048828125 -0.013427734375 -0.005279541015625 -0.00274658203125 -0.00421142578125 -0.007598876953125 -0.0003662109375 -0.000823974609375 -0.00494384765625 -0.012603759765625 -0.005279541015625 -0.01055908203125 -0.0048828125 0
0 -0.00323486328125 -0.0023193359375 -0.012298583984375 -0.01055908203125 0 -0.000579833984375 0 0 0 0 0 0 0 0 0 0 0 0
0 0 0 0 0 0 0 0 0 0 0 0 0 0 0 0 0 0 0
-0.000213623046875 0 -0.00018310546875 -0.001220703125 0 -0.00537109375 -0.0037841796875 0 0 0 0 0 0 -0.0006103515625 0 0 -0.001922607421875 -0.00042724609375 0
-0.0037841796875 -0.00152587890625 -0.003753662109375 -0.00164794921875 -6.103515625e-05 0 -0.001922607421875 0 -0.000518798828125 -0.001678466796875 -0.00567626953125 -0.0037841796875 -0.006378173828125 -0.00885009765625 -0.006439208984375 -0.0023193359375 -0.001251220703125 -0.00390625 0
-0.012908935546875 -0.001373291015625 -0.004180908203125 -0.003021240234375 0 -0.005157470703125 -0.00189208984375 -0.008148193359375 0 -0.00146484375 -0.00848388671875 -0.0050048828125 -0.006195068359375 -0.0035400390625 -0.0048828125 -0.00390625 -0.000885009765625 -0.001251220703125 0
-0.00860595703125 0 0 0 0 0 0 0 0 0 0 -0.00067138671875 0 0 0 0 0 0 0
0 -0.000518798828125 0 0 0 0 -0.001495361328125 -0.0076904296875 -0.0006103515625 0 0 -0.0015869140625 0 0 0 0 0 -0.0054931640625 -0.0037841796875
-0.0111083984375 -0.00482177734375 -0.001861572265625 -0.001251220703125 -0.001708984375 -0.000946044921875 -0.00274658203125 -0.001739501953125 -0.002197265625 -0.00860595703125 -0.008392333984375 -0.00762939453125 -0.002410888671875 -0.0009765625 -0.000335693359375 -0.00244140625 -0.006256103515625 -0.006927490234375 0
-0.002166748046875 -0.005615234375 -0.000335693359375 -0.001373291015625 -0.000579833984375 -0.001373291015625 0 -0.00286865234375 -0.000640869140625 0 0 0 -0.00054931640625 -0.001068115234375 -0.001251220703125 -0.0003662109375 0 0 0
0 0 0 0 0 0 0 0 0 0 0 0 0 0 0 0 0 0 0
-0.001953125 0 0 -0.001617431640625 0 -0.00042724609375 0 -0.0028076171875 0 -0.003875732421875 -0.007293701171875 -0.006744384765625 0 -0.00115966796875 -0.00689697265625 -9.1552734375e-05 0 -0.00079345703125 0
-0.003662109375 -0.007080078125 -0.0133056640625 -0.009307861328125 0 -0.00592041015625 -0.0130615234375 -0.02008056640625 -0.008941650390625 -0.010284423828125 -0.017364501953125 -0.019805908203125 -0.00213623046875 -0.007293701171875 -0.009246826171875 -0.005279541015625 -0.0069580078125 -0.00048828125 -0.005218505859375
-0.005706787109375 -0.016510009765625 -0.0101318359375 -0.0147705078125 -0.00482177734375 -0.01416015625 -0.012298583984375 -0.013427734375 -0.005523681640625 -0.00079345703125 0 0 0 0 0 0 0 0 0
0 0 0 0 0 0 0 0 0 0 0 0 -0.00531005859375 0 -0.001708984375 -0.001220703125 0 -0.000762939453125 0
-0.003997802734375 -0.0015869140625 -0.000396728515625 -0.00250244140625 -0.003631591796875 0 -0.00030517578125 -0.00286865234375 0 -0.004119873046875 -3.0517578125e-05 -0.001220703125 0 -0.000732421875 0 0 -0.001861572265625 -0.000274658203125 0
-0.001861572265625 -0.00079345703125 -0.001800537109375 -0.004669189453125 -0.00079345703125 -0.002166748046875 -0.001068115234375 0 0 0 -0.0032958984375 0 0 -0.0013427734375 -0.004241943359375 0 0 -0.000396728515625 0
-0.003021240234375 -0.00079345703125 0 0 0 -0.001251220703125 -0.00042724609375 -0.00042724609375 0 -0.001617431640625 -0.007537841796875 -0.00360107421875 -0.000762939453125 -0.001678466796875 -0.002899169921875 -0.004058837890625 -0.000274658203125 -3.0517578125e-05 0
-0.0029296875 -0.002655029296875 0 -0.0028076171875 0 0 -0.00445556640625 -0.0003662109375 -0.00128173828125 -0.01080322265625 -0.007476806640625 -0.00238037109375 -0.004180908203125 -0.01275634765625 -0.015869140625 -0.0032958984375 -0.006011962890625 0 -0.002044677734375
-0.002716064453125 -0.0013427734375 0 -0.00604248046875 -0.000152587890625 0 -0.001251220703125 -0.0015869140625 -0.000396728515625 -0.00390625 -0.005584716796875 -0.000701904296875 -0.00091552734375 -0.013671875 -0.014312744140625 -0.00640869140625 -0.006500244140625 -0.0003662109375 -0.00054931640625
-0.003204345703125 -0.00286865234375 0 -0.00634765625 -0.00469970703125 -0.00164794921875 0 -0.00164794921875 -0.001708984375 -0.00225830078125 -0.002227783203125 0 0 0 0 0 -0.0001220703125 0 0
-0.001220703125 0 -0.00384521484375 0 -0.00262451171875 0 0 -0.000885009765625 0 -0.0010986328125 0 -0.000732421875 -0.000274658203125 -0.00146484375 0 -0.00146484375 -0.006866455078125 -0.0050048828125 0
0 -0.000823974609375 -0.007110595703125 0 -0.00494384765625 -0.001617431640625 0 0 -0.000579833984375 -0.0009765625 -0.001556396484375 -0.00177001953125 -0.002227783203125 -0.002288818359375 -0.009490966796875 -0.00286865234375 -0.00244140625 -0.010345458984375 -0.00079345703125
-0.000213623046875 -0.001708984375 0 -0.0008544921875 -0.01446533203125 -0.00201416015625 -0.001312255859375 -0.00396728515625 -0.004730224609375 -0.005767822265625 -0.00653076171875 -0.006317138671875 -0.007659912109375 -0.001678466796875 -0.00848388671875 -0.003326416015625 0 -0.00079345703125 0
-0.00421142578125 -0.00238037109375 -0.002197265625 -0.000152587890625 -0.001251220703125 -0.002593994140625 -0.0009765625 -0.001861572265625 -0.015594482421875 -0.001007080078125 -0.00091552734375 -0.00048828125 -0.002593994140625 0 0 -0.001495361328125 0 -0.00421142578125 0
-0.001251220703125 -0.001800537109375 -0.00048828125 -0.001251220703125 -0.00140380859375 -0.00701904296875 -0.00390625 -0.0023193359375 -0.005462646484375 -0.000579833984375 -0.00030517578125 -0.0006103515625 -0.006134033203125 -0.000335693359375 -0.002349853515625 -0.0032958984375 -0.002166748046875 0 0
0 -0.00384521484375 -0.006988525390625 -0.0040283203125 -0.002838134765625 -0.00408935546875 -0.0003662109375 0 -0.001800537109375 0 -0.008544921875 -0.007720947265625 0 0 0 0 0 0 0
0 0 -0.002227783203125 -0.004058837890625 0 0 0 0 -0.00341796875 0 0 0 0 -0.0107421875 -0.017059326171875 -0.001617431640625 -0.0048828125 -0.002471923828125 0
0 -0.014404296875 -0.000701904296875 -0.000701904296875 -0.00091552734375 -0.000335693359375 -0.002197265625 0 -0.003570556640625 0 -0.00433349609375 -0.003326416015625 -0.002960205078125 -0.0037841796875 -0.00592041015625 -0.0067138671875 -0.011383056640625 -0.01019287109375 0
0 -0.010345458984375 -0.006317138671875 -0.0062255859375 -0.011627197265625 -0.00543212890625 -0.016357421875 -0.01153564453125 -0.014312744140625 -0.014373779296875 -0.009490966796875 -0.019500732421875 -0.006134033203125 -0.00921630859375 -0.003173828125 -0.005401611328125 -0.009918212890625 -0.0008544921875 0
-0.01025390625 -0.017059326171875 -0.01153564453125 -0.00286865234375 -0.008544921875 0 -0.014617919921875 0 -0.00555419921875 -0.004180908203125 0 -0.005523681640625 0 -0.001068115234375 -0.004638671875 0 0 0 0
-0.0068359375 -0.01068115234375 0 0 0 0 0 -0.001800537109375 0 0 0 0 0 0 0 0 -0.00030517578125 0 0
-0.00048828125 0 0 0 -0.002288818359375 0 -0.001312255859375 0 0 0 0 0 0 0 0 0 0 -0.001190185546875 0
0 0 0 0 0 0 0 0 0 0 -0.001068115234375 0 -0.002288818359375 -0.004791259765625 -0.006134033203125 -0.00238037109375 -0.015594482421875 -0.005126953125 0
-0.000274658203125 0 -0.002410888671875 -3.0517578125e-05 -0.00640869140625 0 -0.005859375 -0.006103515625 -0.00396728515625 -0.00762939453125 -0.00225830078125 -0.0078125 -0.00701904296875 -0.009857177734375 -0.010711669921875 -0.002349853515625 -0.004241943359375 0 -0.00201416015625
-0.001983642578125 0 -0.00604248046875 -0.001708984375 -0.011077880859375 -0.001434326171875 -0.005706787109375 -0.0037841796875 0 -0.003814697265625 -0.014923095703125 -0.00543212890625 -0.00714111328125 -0.00653076171875 -0.001129150390625 -0.00042724609375 -0.000946044921875 -0.003448486328125 0
-0.007080078125 -0.000640869140625 -0.002471923828125 -0.009185791015625 -0.002349853515625 -0.001373291015625 -0.005889892578125 0 -0.00323486328125 -0.001800537109375 -0.001556396484375 -0.001556396484375 -0.00103759765625 -0.01068115234375 0 -0.001556396484375 -0.002655029296875 -0.005462646484375 0
-0.000213623046875 0 -0.006103515625 -0.0072021484375 -0.016937255859375 -0.010955810546875 -0.004150390625 -0.0106201171875 -0.01702880859375 -0.01531982421875 -0.0078125 -0.00872802734375 -0.0037841796875 -0.004364013671875 -0.00164794921875 0 0 0 0
-0.0113525390625 -0.00347900390625 -0.000823974609375 -0.003387451171875 -0.0069580078125 0 -0.010528564453125 -0.006500244140625 0 0 0 -0.00030517578125 0 0 0 0 0 0 0
0 0 0 0 0 0 0 -0.0020751953125 -0.005279541015625 0 0 0 0 0 0 -0.000457763671875 0 -0.0009765625 0
0 0 0 0 -0.001068115234375 -6.103515625e-05 0 -0.004913330078125 -0.00469970703125 -0.002471923828125 -0.0067138671875 -0.007415771484375 0 -0.00299072265625 0 -0.001953125 -0.004180908203125 -0.000701904296875 -0.00103759765625
-0.01068115234375 -0.00634765625 -0.00335693359375 0 -0.003143310546875 -0.00689697265625 0 -0.005615234375 -0.007354736328125 -0.00469970703125 0 -0.002410888671875 -0.003082275390625 -0.001556396484375 -6.103515625e-05 0 0 0 0
-0.00689697265625 0 -0.004302978515625 -0.001251220703125 -0.001678466796875 -0.002899169921875 -0.002685546875 -0.003021240234375 -0.001220703125 -0.004058837890625 -0.001861572265625 -0.00244140625 -0.007965087890625 -0.00103759765625 0 -0.000213623046875 0 0 0
0 0 0 -0.000762939453125 0 0 0 -0.00054931640625 -0.005401611328125 0 -0.00225830078125 -0.00653076171875 -0.007476806640625 -0.0040283203125 -0.0062255859375 0 0 0 0
0 0 0 0 -0.01458740234375 -0.012298583984375 0 0 0 0 -0.00128173828125 0 -0.00506591796875 0 -0.0040283203125 0 -0.000579833984375 0 0
0 -0.00213623046875 -0.001800537109375 -0.0062255859375 -0.00384521484375 -0.002899169921875 -0.002716064453125 -0.006683349609375 -0.002349853515625 -0.005706787109375 -0.00518798828125 -0.002655029296875 -0.0025634765625 -0.001373291015625 0 -0.000762939453125 -0.00341796875 -0.00439453125 -0.001800537109375
-0.001800537109375 -0.004364013671875 -0.001068115234375 -0.002655029296875 -0.004669189453125 -0.000335693359375 0 -0.005645751953125 0 -0.00018310546875 -0.003875732421875 -0.005218505859375 0 0 0 -0.002288818359375 -0.0030517578125 0 0
